Liste des villes

Lake KathrynbergSouth DeniseDavistownReynoldsmouthSouth JenniferbergValenzuelatownSouth SheilaburyWest AnthonybergSouth JesseEast SteveburghLake AngelafurtPort MichellelandLake JenniferHendersonfortKevinstadMathisportAustinbergPerryvilleJacquelinefurtSouth WilliamMeyerburyNorth BradleyTonyastadEast WayneTownsendmouthHallportLaneviewSouth SusanLake LorihavenLisaportRonaldtonHudsonvilleToddboroughSouth CindyStephentownEast BreannahavenRoblesfortLake Emily

Matrice de la distance entre les villes (en km)

0.0  56.0  55.5  58.0  60.5  64.5  71.5  66.0  82.0  63.5  80.0  67.5  90.5  72.5  71.5  67.0  81.5  83.0  76.0  76.0  84.5  66.0  67.0  60.0  68.0  71.0  62.0  86.0  89.0  69.5  87.0  71.0  69.5  85.5  67.5  77.0  72.5  64.5
56.0  0.0  73.5  68.5  72.5  78.0  80.0  63.5  89.0  59.5  54.5  54.0  72.0  80.5  66.5  70.5  75.5  88.5  72.0  72.5  86.0  62.5  97.0  95.0  74.0  71.0  54.0  65.0  76.5  93.0  77.5  79.0  63.5  76.0  67.0  79.0  84.5  76.0
55.5  73.5  0.0  72.0  84.0  69.5  75.0  70.5  76.0  69.5  73.5  72.5  67.0  66.0  76.0  82.0  83.5  63.0  88.0  55.5  90.5  66.0  67.0  77.5  69.0  88.5  60.0  55.0  67.5  59.5  70.0  74.5  66.0  57.5  76.5  65.0  73.5  65.5
58.0  68.5  72.0  0.0  65.0  75.0  74.0  77.0  88.5  81.0  71.5  79.0  69.5  90.5  67.0  73.0  62.5  68.5  73.5  65.0  55.5  75.0  76.5  77.0  63.5  70.0  80.0  72.0  86.5  85.5  84.0  81.5  67.0  56.5  86.0  81.5  76.5  74.0
60.5  72.5  84.0  65.0  0.0  55.5  66.0  63.0  69.5  93.5  69.0  73.0  74.5  76.0  75.5  90.5  69.5  90.0  67.5  93.5  82.5  70.5  78.0  76.0  86.5  83.0  81.0  67.0  76.5  64.0  95.5  71.0  75.0  81.0  73.0  68.5  68.0  62.0
64.5  78.0  69.5  75.0  55.5  0.0  73.5  79.0  81.0  78.0  74.5  92.5  97.5  87.5  72.5  83.5  60.5  82.0  78.5  68.5  86.5  76.0  86.0  70.5  67.0  63.0  79.5  66.0  84.5  64.5  81.5  66.5  73.0  56.0  70.5  74.0  86.0  87.0
71.5  80.0  75.0  74.0  66.0  73.5  0.0  87.5  75.5  72.0  55.0  78.0  70.0  78.0  92.0  56.5  85.5  67.0  77.0  88.0  83.0  70.5  88.5  58.0  86.5  86.5  81.0  82.5  65.5  77.5  70.0  61.0  87.5  85.5  96.5  86.5  92.5  69.5
66.0  63.5  70.5  77.0  63.0  79.0  87.5  0.0  83.0  88.5  66.5  77.5  99.0  67.0  88.0  86.0  58.5  54.0  72.5  86.0  84.0  75.0  56.0  58.0  77.5  83.0  69.5  73.0  72.5  68.5  65.0  74.5  79.5  67.0  73.0  64.0  74.5  77.5
82.0  89.0  76.0  88.5  69.5  81.0  75.5  83.0  0.0  87.5  85.0  82.5  74.0  54.5  77.0  78.5  70.0  85.0  53.5  72.0  79.0  92.0  59.5  66.0  59.5  62.0  78.5  71.5  80.5  65.5  88.0  80.0  81.0  92.0  64.5  68.5  63.5  63.5
63.5  59.5  69.5  81.0  93.5  78.0  72.0  88.5  87.5  0.0  68.0  83.5  66.5  80.0  84.5  75.5  70.5  73.5  65.0  88.0  63.0  77.5  84.5  75.5  63.5  64.0  84.5  91.5  67.0  74.5  67.0  69.5  72.0  58.0  73.5  90.0  61.0  75.0
80.0  54.5  73.5  71.5  69.0  74.5  55.0  66.5  85.0  68.0  0.0  89.5  73.0  75.0  82.0  60.5  65.0  76.5  79.5  71.0  84.0  95.5  74.0  80.0  87.5  65.0  69.0  70.5  75.5  51.5  67.0  70.5  92.5  94.0  92.5  62.0  68.0  77.5
67.5  54.0  72.5  79.0  73.0  92.5  78.0  77.5  82.5  83.5  89.5  0.0  86.5  83.5  91.5  75.5  87.5  69.5  76.0  79.5  77.0  75.0  94.5  63.0  85.0  72.0  79.5  82.5  78.0  81.0  81.5  89.0  90.0  69.0  77.5  68.5  89.0  60.0
90.5  72.0  67.0  69.5  74.5  97.5  70.0  99.0  74.0  66.5  73.0  86.5  0.0  79.0  71.0  65.0  80.0  69.0  85.5  89.5  89.5  70.0  77.0  79.0  78.5  76.5  77.0  80.5  76.5  86.0  73.0  79.5  85.5  71.5  81.0  57.0  74.0  71.0
72.5  80.5  66.0  90.5  76.0  87.5  78.0  67.0  54.5  80.0  75.0  83.5  79.0  0.0  69.0  60.0  70.0  68.5  79.5  78.5  59.0  78.0  60.0  81.5  76.5  74.5  68.5  56.5  70.0  59.0  56.5  64.0  68.0  69.0  75.0  77.0  56.0  58.5
71.5  66.5  76.0  67.0  75.5  72.5  92.0  88.0  77.0  84.5  82.0  91.5  71.0  69.0  0.0  76.0  67.5  74.0  57.5  83.5  52.0  87.5  83.5  81.5  65.5  68.0  86.0  82.0  86.5  63.0  62.0  92.5  66.0  55.0  73.5  56.0  67.5  63.5
67.0  70.5  82.0  73.0  90.5  83.5  56.5  86.0  78.5  75.5  60.5  75.5  65.0  60.0  76.0  0.0  60.5  81.0  74.5  55.5  84.0  68.0  66.0  73.5  78.5  62.0  80.5  65.0  68.0  91.0  70.5  77.0  79.5  66.0  90.0  75.5  70.5  76.0
81.5  75.5  83.5  62.5  69.5  60.5  85.5  58.5  70.0  70.5  65.0  87.5  80.0  70.0  67.5  60.5  0.0  76.5  72.5  78.5  59.5  75.0  67.5  69.5  74.5  67.0  70.0  66.5  87.0  86.0  69.0  64.5  65.5  87.0  85.0  65.0  70.0  65.5
83.0  88.5  63.0  68.5  90.0  82.0  67.0  54.0  85.0  73.5  76.5  69.5  69.0  68.5  74.0  81.0  76.5  0.0  93.5  76.5  79.0  72.5  80.5  82.5  75.5  81.5  59.5  72.0  67.5  73.0  72.5  77.0  76.0  80.0  73.5  68.5  68.0  86.0
76.0  72.0  88.0  73.5  67.5  78.5  77.0  72.5  53.5  65.0  79.5  76.0  85.5  79.5  57.5  74.5  72.5  93.5  0.0  63.5  71.5  65.0  64.0  85.5  64.0  88.0  57.0  55.0  84.0  67.5  85.0  79.0  78.5  66.0  57.0  87.0  90.0  70.0
76.0  72.5  55.5  65.0  93.5  68.5  88.0  86.0  72.0  88.0  71.0  79.5  89.5  78.5  83.5  55.5  78.5  76.5  63.5  0.0  80.0  66.0  84.0  72.5  61.5  73.0  82.0  74.0  60.0  80.5  92.0  80.0  66.5  80.0  84.0  87.5  79.0  78.5
84.5  86.0  90.5  55.5  82.5  86.5  83.0  84.0  79.0  63.0  84.0  77.0  89.5  59.0  52.0  84.0  59.5  79.0  71.5  80.0  0.0  85.5  57.0  97.5  82.5  76.5  61.5  82.5  79.5  86.0  83.5  89.5  83.5  77.0  93.0  75.0  76.5  81.0
66.0  62.5  66.0  75.0  70.5  76.0  70.5  75.0  92.0  77.5  95.5  75.0  70.0  78.0  87.5  68.0  75.0  72.5  65.0  66.0  85.5  0.0  78.5  77.5  91.0  66.0  77.0  82.0  67.0  65.5  62.5  67.5  64.5  83.5  66.5  58.5  77.5  78.5
67.0  97.0  67.0  76.5  78.0  86.0  88.5  56.0  59.5  84.5  74.0  94.5  77.0  60.0  83.5  66.0  67.5  80.5  64.0  84.0  57.0  78.5  0.0  75.0  81.0  77.0  72.0  77.0  82.5  70.0  66.0  72.0  91.5  80.5  54.5  81.5  77.0  79.5
60.0  95.0  77.5  77.0  76.0  70.5  58.0  58.0  66.0  75.5  80.0  63.0  79.0  81.5  81.5  73.5  69.5  82.5  85.5  72.5  97.5  77.5  75.0  0.0  66.5  78.5  78.5  81.0  90.5  74.0  72.0  87.5  82.0  85.0  91.5  88.0  85.0  62.5
68.0  74.0  69.0  63.5  86.5  67.0  86.5  77.5  59.5  63.5  87.5  85.0  78.5  76.5  65.5  78.5  74.5  75.5  64.0  61.5  82.5  91.0  81.0  66.5  0.0  65.5  67.0  74.0  80.0  60.0  60.0  74.5  75.0  66.5  69.0  72.5  73.5  71.5
71.0  71.0  88.5  70.0  83.0  63.0  86.5  83.0  62.0  64.0  65.0  72.0  76.5  74.5  68.0  62.0  67.0  81.5  88.0  73.0  76.5  66.0  77.0  78.5  65.5  0.0  74.0  68.0  79.0  78.5  89.5  85.5  90.5  77.0  73.5  85.0  71.5  68.0
62.0  54.0  60.0  80.0  81.0  79.5  81.0  69.5  78.5  84.5  69.0  79.5  77.0  68.5  86.0  80.5  70.0  59.5  57.0  82.0  61.5  77.0  72.0  78.5  67.0  74.0  0.0  79.0  80.0  64.5  72.5  72.5  57.0  63.0  65.0  60.0  81.0  63.0
86.0  65.0  55.0  72.0  67.0  66.0  82.5  73.0  71.5  91.5  70.5  82.5  80.5  56.5  82.0  65.0  66.5  72.0  55.0  74.0  82.5  82.0  77.0  81.0  74.0  68.0  79.0  0.0  75.0  69.0  73.0  74.0  77.0  74.0  58.5  73.0  56.5  67.0
89.0  76.5  67.5  86.5  76.5  84.5  65.5  72.5  80.5  67.0  75.5  78.0  76.5  70.0  86.5  68.0  87.0  67.5  84.0  60.0  79.5  67.0  82.5  90.5  80.0  79.0  80.0  75.0  0.0  86.5  68.0  74.0  71.0  65.0  70.5  70.0  91.5  77.0
69.5  93.0  59.5  85.5  64.0  64.5  77.5  68.5  65.5  74.5  51.5  81.0  86.0  59.0  63.0  91.0  86.0  73.0  67.5  80.5  86.0  65.5  70.0  74.0  60.0  78.5  64.5  69.0  86.5  0.0  73.5  92.5  81.0  70.0  80.5  88.5  71.0  66.5
87.0  77.5  70.0  84.0  95.5  81.5  70.0  65.0  88.0  67.0  67.0  81.5  73.0  56.5  62.0  70.5  69.0  72.5  85.0  92.0  83.5  62.5  66.0  72.0  60.0  89.5  72.5  73.0  68.0  73.5  0.0  89.0  54.0  77.0  77.0  67.5  70.5  59.0
71.0  79.0  74.5  81.5  71.0  66.5  61.0  74.5  80.0  69.5  70.5  89.0  79.5  64.0  92.5  77.0  64.5  77.0  79.0  80.0  89.5  67.5  72.0  87.5  74.5  85.5  72.5  74.0  74.0  92.5  89.0  0.0  59.0  63.0  86.0  83.0  71.0  61.5
69.5  63.5  66.0  67.0  75.0  73.0  87.5  79.5  81.0  72.0  92.5  90.0  85.5  68.0  66.0  79.5  65.5  76.0  78.5  66.5  83.5  64.5  91.5  82.0  75.0  90.5  57.0  77.0  71.0  81.0  54.0  59.0  0.0  81.0  81.0  77.5  75.0  84.5
85.5  76.0  57.5  56.5  81.0  56.0  85.5  67.0  92.0  58.0  94.0  69.0  71.5  69.0  55.0  66.0  87.0  80.0  66.0  80.0  77.0  83.5  80.5  85.0  66.5  77.0  63.0  74.0  65.0  70.0  77.0  63.0  81.0  0.0  73.5  76.5  81.0  69.5
67.5  67.0  76.5  86.0  73.0  70.5  96.5  73.0  64.5  73.5  92.5  77.5  81.0  75.0  73.5  90.0  85.0  73.5  57.0  84.0  93.0  66.5  54.5  91.5  69.0  73.5  65.0  58.5  70.5  80.5  77.0  86.0  81.0  73.5  0.0  82.5  76.0  66.0
77.0  79.0  65.0  81.5  68.5  74.0  86.5  64.0  68.5  90.0  62.0  68.5  57.0  77.0  56.0  75.5  65.0  68.5  87.0  87.5  75.0  58.5  81.5  88.0  72.5  85.0  60.0  73.0  70.0  88.5  67.5  83.0  77.5  76.5  82.5  0.0  90.5  64.5
72.5  84.5  73.5  76.5  68.0  86.0  92.5  74.5  63.5  61.0  68.0  89.0  74.0  56.0  67.5  70.5  70.0  68.0  90.0  79.0  76.5  77.5  77.0  85.0  73.5  71.5  81.0  56.5  91.5  71.0  70.5  71.0  75.0  81.0  76.0  90.5  0.0  90.0
64.5  76.0  65.5  74.0  62.0  87.0  69.5  77.5  63.5  75.0  77.5  60.0  71.0  58.5  63.5  76.0  65.5  86.0  70.0  78.5  81.0  78.5  79.5  62.5  71.5  68.0  63.0  67.0  77.0  66.5  59.0  61.5  84.5  69.5  66.0  64.5  90.0  0.0

Matrice de la consomation d'essence entre les villes (valeur multiplicatrice)

0.0  1.1  1.2  1.0  0.6  0.8  1.1  1.1  1.0  0.8  0.7  1.2  1.0  1.2  1.2  1.1  0.7  1.1  0.9  0.9  1.1  1.5  1.3  0.6  0.9  0.7  1.0  0.9  1.3  0.9  1.1  1.4  1.1  1.0  1.1  0.9  1.2  1.2
1.1  0.0  0.9  0.8  1.1  1.5  0.9  1.3  1.2  1.0  1.0  1.0  1.0  0.9  0.7  1.0  0.9  0.8  0.9  1.2  1.0  1.0  1.2  1.3  0.8  1.0  0.9  1.0  0.6  1.4  1.0  0.7  1.1  1.0  0.9  1.2  0.9  0.9
1.2  0.9  0.0  1.2  0.8  0.8  1.0  1.1  0.7  0.9  1.0  1.3  0.9  1.2  1.2  1.0  0.9  0.8  1.0  1.3  0.8  0.9  1.1  1.4  1.0  1.1  0.9  1.2  1.0  1.4  0.8  1.1  1.0  1.1  0.8  1.0  1.1  0.8
1.0  0.8  1.2  0.0  1.3  0.8  0.7  1.1  0.7  0.9  1.3  1.2  1.4  1.3  0.9  1.0  1.2  1.3  1.3  0.8  0.8  1.0  1.1  1.1  0.9  1.2  1.0  1.0  1.0  1.1  1.1  1.1  1.1  0.9  1.5  0.7  1.2  1.1
0.6  1.1  0.8  1.3  0.0  1.0  0.9  1.0  0.9  1.3  0.8  0.7  1.0  1.3  1.1  1.1  0.8  0.8  1.2  1.0  1.0  1.0  0.7  0.8  1.2  1.1  1.4  1.1  1.0  0.8  1.0  1.1  0.8  1.0  1.1  1.0  1.0  1.3
0.8  1.5  0.8  0.8  1.0  0.0  1.3  1.0  1.3  1.2  0.9  1.0  1.1  1.0  1.0  0.9  0.8  1.1  1.3  1.2  1.2  1.2  1.1  1.0  1.1  0.6  1.0  1.1  0.7  0.6  1.1  1.2  1.2  1.2  1.0  1.0  0.6  1.2
1.1  0.9  1.0  0.7  0.9  1.3  0.0  1.1  1.2  1.0  1.3  0.9  1.0  0.7  1.0  1.3  1.0  1.0  0.9  1.3  0.9  1.0  0.9  1.0  1.2  0.9  1.0  1.1  1.1  1.0  1.1  1.3  1.3  0.9  0.9  1.1  1.2  0.6
1.1  1.3  1.1  1.1  1.0  1.0  1.1  0.0  1.1  0.9  1.0  1.1  0.6  1.4  0.8  1.3  0.9  1.2  1.4  1.3  0.9  1.1  1.0  1.1  1.1  1.0  0.9  1.0  1.0  1.1  1.2  0.7  1.0  1.1  0.7  0.6  0.9  1.2
1.0  1.2  0.7  0.7  0.9  1.3  1.2  1.1  0.0  1.1  0.8  1.0  1.2  0.8  0.6  1.1  1.0  0.9  1.1  0.9  1.0  1.3  0.9  0.7  1.1  1.0  0.7  0.8  1.4  1.1  0.6  0.6  0.8  0.8  1.0  0.9  1.0  1.0
0.8  1.0  0.9  0.9  1.3  1.2  1.0  0.9  1.1  0.0  1.2  1.3  1.4  0.8  0.9  1.1  0.8  0.8  1.1  0.7  0.7  1.5  1.0  1.4  0.6  1.0  0.7  1.1  1.1  0.7  1.1  0.7  1.2  1.0  1.2  0.8  1.3  1.0
0.7  1.0  1.0  1.3  0.8  0.9  1.3  1.0  0.8  1.2  0.0  0.8  0.7  0.9  0.6  0.9  1.1  0.7  0.9  1.1  1.1  1.0  0.9  1.0  1.1  1.4  0.7  0.9  1.3  1.0  1.2  1.4  0.8  1.4  1.0  1.0  0.5  1.0
1.2  1.0  1.3  1.2  0.7  1.0  0.9  1.1  1.0  1.3  0.8  0.0  0.6  1.0  0.9  0.7  1.2  0.9  0.7  1.4  0.9  1.4  0.8  1.2  0.6  1.1  1.1  0.7  1.0  1.1  1.0  1.3  1.1  1.4  1.1  1.2  1.2  1.1
1.0  1.0  0.9  1.4  1.0  1.1  1.0  0.6  1.2  1.4  0.7  0.6  0.0  1.2  1.1  0.8  0.8  1.4  0.8  1.0  1.4  1.0  1.0  1.1  1.2  1.2  0.7  1.1  1.0  1.1  1.0  1.1  0.9  1.0  1.1  1.3  1.4  0.7
1.2  0.9  1.2  1.3  1.3  1.0  0.7  1.4  0.8  0.8  0.9  1.0  1.2  0.0  0.9  1.2  1.3  1.1  1.0  1.4  0.6  1.1  1.2  0.9  1.0  1.0  1.3  1.1  0.9  1.2  1.0  1.2  1.0  1.0  1.0  1.4  0.9  0.6
1.2  0.7  1.2  0.9  1.1  1.0  1.0  0.8  0.6  0.9  0.6  0.9  1.1  0.9  0.0  1.4  1.4  0.9  1.1  1.2  1.2  0.8  0.8  0.9  0.9  1.2  1.0  0.8  0.9  0.9  0.8  0.7  0.9  1.2  1.0  1.0  1.0  1.0
1.1  1.0  1.0  1.0  1.1  0.9  1.3  1.3  1.1  1.1  0.9  0.7  0.8  1.2  1.4  0.0  0.6  0.8  0.9  1.2  1.5  1.5  0.8  1.0  1.0  1.0  0.9  1.0  1.2  0.8  0.9  1.2  0.8  0.9  1.4  1.3  0.9  1.4
0.7  0.9  0.9  1.2  0.8  0.8  1.0  0.9  1.0  0.8  1.1  1.2  0.8  1.3  1.4  0.6  0.0  1.3  1.0  1.2  1.1  1.1  0.7  0.9  0.9  1.1  0.9  1.0  1.1  1.0  0.6  1.2  0.8  0.8  0.9  1.0  0.7  1.1
1.1  0.8  0.8  1.3  0.8  1.1  1.0  1.2  0.9  0.8  0.7  0.9  1.4  1.1  0.9  0.8  1.3  0.0  0.9  1.0  0.8  1.2  1.0  1.4  0.6  1.1  0.8  1.0  0.9  0.5  0.9  1.1  1.0  1.3  0.9  1.4  1.1  0.7
0.9  0.9  1.0  1.3  1.2  1.3  0.9  1.4  1.1  1.1  0.9  0.7  0.8  1.0  1.1  0.9  1.0  0.9  0.0  0.8  0.9  0.9  0.9  1.1  1.2  1.0  0.8  0.8  1.0  1.0  1.0  1.1  1.3  0.8  1.0  0.9  0.8  1.3
0.9  1.2  1.3  0.8  1.0  1.2  1.3  1.3  0.9  0.7  1.1  1.4  1.0  1.4  1.2  1.2  1.2  1.0  0.8  0.0  0.9  1.1  1.2  1.1  1.0  1.0  1.2  0.9  0.9  1.0  1.2  1.0  1.0  0.8  1.0  1.2  1.0  0.7
1.1  1.0  0.8  0.8  1.0  1.2  0.9  0.9  1.0  0.7  1.1  0.9  1.4  0.6  1.2  1.5  1.1  0.8  0.9  0.9  0.0  1.0  1.0  0.9  0.9  1.2  0.9  1.0  1.2  1.0  1.1  0.8  1.2  1.2  1.0  1.3  1.2  1.2
1.5  1.0  0.9  1.0  1.0  1.2  1.0  1.1  1.3  1.5  1.0  1.4  1.0  1.1  0.8  1.5  1.1  1.2  0.9  1.1  1.0  0.0  1.1  1.3  1.0  1.0  0.9  0.8  1.0  1.4  0.9  1.0  1.3  1.3  0.8  1.0  1.0  1.0
1.3  1.2  1.1  1.1  0.7  1.1  0.9  1.0  0.9  1.0  0.9  0.8  1.0  1.2  0.8  0.8  0.7  1.0  0.9  1.2  1.0  1.1  0.0  1.1  1.2  0.9  0.8  0.9  1.0  0.8  1.1  1.3  1.3  0.6  0.7  0.8  0.7  1.0
0.6  1.3  1.4  1.1  0.8  1.0  1.0  1.1  0.7  1.4  1.0  1.2  1.1  0.9  0.9  1.0  0.9  1.4  1.1  1.1  0.9  1.3  1.1  0.0  0.8  0.6  0.9  1.2  1.1  0.8  1.0  1.4  0.9  1.1  0.9  0.9  1.3  0.9
0.9  0.8  1.0  0.9  1.2  1.1  1.2  1.1  1.1  0.6  1.1  0.6  1.2  1.0  0.9  1.0  0.9  0.6  1.2  1.0  0.9  1.0  1.2  0.8  0.0  1.0  0.9  1.1  1.1  0.9  1.0  0.9  0.8  1.0  0.9  1.3  0.7  0.8
0.7  1.0  1.1  1.2  1.1  0.6  0.9  1.0  1.0  1.0  1.4  1.1  1.2  1.0  1.2  1.0  1.1  1.1  1.0  1.0  1.2  1.0  0.9  0.6  1.0  0.0  1.4  1.1  1.1  1.2  1.3  1.0  1.5  1.1  1.2  1.3  1.0  1.2
1.0  0.9  0.9  1.0  1.4  1.0  1.0  0.9  0.7  0.7  0.7  1.1  0.7  1.3  1.0  0.9  0.9  0.8  0.8  1.2  0.9  0.9  0.8  0.9  0.9  1.4  0.0  1.2  0.8  1.2  0.7  0.7  1.0  1.0  0.8  1.0  1.1  0.7
0.9  1.0  1.2  1.0  1.1  1.1  1.1  1.0  0.8  1.1  0.9  0.7  1.1  1.1  0.8  1.0  1.0  1.0  0.8  0.9  1.0  0.8  0.9  1.2  1.1  1.1  1.2  0.0  1.1  0.9  1.0  1.3  1.1  1.0  1.0  1.0  1.0  1.3
1.3  0.6  1.0  1.0  1.0  0.7  1.1  1.0  1.4  1.1  1.3  1.0  1.0  0.9  0.9  1.2  1.1  0.9  1.0  0.9  1.2  1.0  1.0  1.1  1.1  1.1  0.8  1.1  0.0  1.2  1.1  1.2  1.0  0.9  0.9  0.7  1.1  1.1
0.9  1.4  1.4  1.1  0.8  0.6  1.0  1.1  1.1  0.7  1.0  1.1  1.1  1.2  0.9  0.8  1.0  0.5  1.0  1.0  1.0  1.4  0.8  0.8  0.9  1.2  1.2  0.9  1.2  0.0  0.6  1.0  1.3  0.8  1.1  0.8  1.1  0.9
1.1  1.0  0.8  1.1  1.0  1.1  1.1  1.2  0.6  1.1  1.2  1.0  1.0  1.0  0.8  0.9  0.6  0.9  1.0  1.2  1.1  0.9  1.1  1.0  1.0  1.3  0.7  1.0  1.1  0.6  0.0  0.9  1.0  1.0  1.0  0.7  1.3  1.1
1.4  0.7  1.1  1.1  1.1  1.2  1.3  0.7  0.6  0.7  1.4  1.3  1.1  1.2  0.7  1.2  1.2  1.1  1.1  1.0  0.8  1.0  1.3  1.4  0.9  1.0  0.7  1.3  1.2  1.0  0.9  0.0  1.1  1.0  1.0  1.4  0.9  0.7
1.1  1.1  1.0  1.1  0.8  1.2  1.3  1.0  0.8  1.2  0.8  1.1  0.9  1.0  0.9  0.8  0.8  1.0  1.3  1.0  1.2  1.3  1.3  0.9  0.8  1.5  1.0  1.1  1.0  1.3  1.0  1.1  0.0  0.8  1.0  0.7  0.6  1.3
1.0  1.0  1.1  0.9  1.0  1.2  0.9  1.1  0.8  1.0  1.4  1.4  1.0  1.0  1.2  0.9  0.8  1.3  0.8  0.8  1.2  1.3  0.6  1.1  1.0  1.1  1.0  1.0  0.9  0.8  1.0  1.0  0.8  0.0  0.7  1.1  1.0  1.1
1.1  0.9  0.8  1.5  1.1  1.0  0.9  0.7  1.0  1.2  1.0  1.1  1.1  1.0  1.0  1.4  0.9  0.9  1.0  1.0  1.0  0.8  0.7  0.9  0.9  1.2  0.8  1.0  0.9  1.1  1.0  1.0  1.0  0.7  0.0  0.9  1.1  0.7
0.9  1.2  1.0  0.7  1.0  1.0  1.1  0.6  0.9  0.8  1.0  1.2  1.3  1.4  1.0  1.3  1.0  1.4  0.9  1.2  1.3  1.0  0.8  0.9  1.3  1.3  1.0  1.0  0.7  0.8  0.7  1.4  0.7  1.1  0.9  0.0  0.6  1.2
1.2  0.9  1.1  1.2  1.0  0.6  1.2  0.9  1.0  1.3  0.5  1.2  1.4  0.9  1.0  0.9  0.7  1.1  0.8  1.0  1.2  1.0  0.7  1.3  0.7  1.0  1.1  1.0  1.1  1.1  1.3  0.9  0.6  1.0  1.1  0.6  0.0  1.3
1.2  0.9  0.8  1.1  1.3  1.2  0.6  1.2  1.0  1.0  1.0  1.1  0.7  0.6  1.0  1.4  1.1  0.7  1.3  0.7  1.2  1.0  1.0  0.9  0.8  1.2  0.7  1.3  1.1  0.9  1.1  0.7  1.3  1.1  0.7  1.2  1.3  0.0
